 #          200
 -0.71990749215170413      
  -1.3584373287513227      
 -0.91513326891453162      
  -2.5165478680935518      
 -0.60130649127602154      
  -1.9614898047949298      
  -1.8412756798593040      
  -2.1965251568520192      
 -0.91351085353660300      
  -1.5576861656088459      
  -1.5569090575606297      
  -1.9193891299898029      
  -1.0339480560508272      
  -1.4010128416455021      
  -1.0309129124025695      
  -2.1134436452236214      
 -0.11464799632144641      
  -1.8047883569682412      
  -1.8433335610548198      
  -1.9172472827555369      
  -1.3307626769864487      
 -0.59272748577374323      
  -1.5191930558053954      
  -2.2350084979652349      
  -1.3203021521126317      
  -2.3573981108523294      
  -1.0462171648781149      
  -1.8321931535534941      
 -0.64360783626150353      
  -1.3982585888763117      
  -1.4041167702916479      
 -0.92370153563852708      
 -0.95937591180776127      
  -1.2877965547527159      
  -2.2442863601436729      
  -1.4858186870838583      
  -1.1204769446473097      
  -3.6480197310616801E-004 
  -1.1203636607499234      
  -1.9305764079250458      
  -1.8814554351901969      
 -0.50906661625854799      
  -1.7610895551197145      
  -1.2799112553803860      
  -2.2079804627051640      
  -2.1294838905585864      
 -0.87798408343896039      
  -1.6411368146253735      
  -2.0403035926322231      
  -2.0478614526628833      
  -1.9870464035203546      
  -3.2134626011487706      
  -4.2165526498626473      
  -3.8416729014207420      
  -3.5308876291285838      
  -4.3057892958899240      
  -5.1577234083555252      
  -5.5884189204723569      
  -6.2405846720380405      
  -5.5962607315982806      
  -6.2099513541819746      
  -6.1307664584840014      
  -5.5471932814911478      
  -5.9259393952606283      
  -6.0097551226296044      
  -6.0093976455331894      
  -6.6977980716321825      
  -6.0154917175884153      
  -6.0142058768457840      
  -6.0061689047194049      
  -5.9817401636037770      
  -5.9809912441045672      
  -5.9651857104003616      
  -6.0707655536425564      
  -5.9323564188236988      
  -6.0038795851060636      
  -6.0019607201478546      
  -5.9992396284159586      
  -5.9981813423736741      
  -5.9981821956991261      
  -5.9982555749699369      
  -5.9982994928147146      
  -3.9882501016582546      
  -5.9954549471148981      
  -6.0124890532583848      
  -5.9972614787957550      
  -5.9578010471932679      
  -6.0000200352253668      
  -5.9989389818539163      
  -5.9996493600824907      
  -6.0010131137215517      
  -6.0003139125604630      
  -5.9994432501433099      
  -5.9992024008167331      
  -5.9991347545374607      
  -6.0001377227168531      
  -5.9998968720027896      
  -5.9986492088250944      
  -5.9991849485109023      
  -5.9993449014426741      
  -5.9987479365906369      
  -6.0003118169990053      
  -6.0003048273537782      
  -6.0009885900075854      
  -5.9996030838654510      
  -5.9982552623684464      
  -6.0004471686296821      
  -6.0001761569822119      
  -5.9995662616915650      
  -5.9999631799997637      
  -5.9999565987562455      
  -5.9999349169683240      
  -6.0020817743272241      
  -6.0018755273679281      
  -5.9995243868861134      
  -5.9991381385351534      
  -6.0019903944452695      
  -6.0006422724108202      
  -5.9994115300248207      
  -6.0014790994609601      
  -6.0015706368615920      
  -5.9996070713588106      
  -5.9996735444217162      
  -6.0000556932997657      
  -5.9996470261357091      
  -6.0000828266453308      
  -5.9998458446718859      
  -5.9999533065662840      
  -6.0002593353917701      
  -6.0002200679348157      
  -5.9998949306320437      
  -5.9999362515131915      
  -6.0000267065848307      
  -5.9988277589771606      
  -5.9995057613864677      
  -6.0023438736503003      
  -6.0000000000146994      
  -6.0000000000146994      
  -6.0000000002537721      
  -6.0000000000146994      
  -6.0000000000146994      
  -6.0000000000146994      
  -6.0000000000146994      
  -6.0000000002537721      
  -6.0000000000146994      
  -6.0000000002537721      
  -6.0000000002537721      
  -6.0000000000146994      
  -6.0000000000146994      
  -6.0000000000146994      
  -6.0000000000146994      
  -6.0000000000146994      
  -6.0000000002537721      
  -6.0000000000146994      
  -6.0000000000146994      
  -6.0000000002537721      
  -6.0000000000146994      
  -6.0000000002537721      
  -6.0000000000146994      
  -6.0000000002537721      
  -6.0000000002537721      
  -6.0000000000146994      
  -6.0000000000146994      
  -6.0000000000146994      
  -6.0000000000146994      
  -6.0000000000146994      
  -6.0000000000146994      
  -6.0000000002537721      
  -6.0000000000146994      
  -6.0000000000146994      
  -6.0000000000146994      
  -6.0000000000146994      
  -6.0000000002537721      
  -6.0000000000146994      
  -6.0000000002537721      
  -6.0000000000146994      
  -6.0000000000146994      
  -6.0000000002537721      
  -6.0000000000146994      
  -6.0000000002537721      
  -6.0000000000146994      
  -6.0000000002537721      
  -6.0000000000146994      
  -6.0000000002537721      
  -6.0000000000146994      
  -6.0000000000146994      
  -6.0000000000146994      
  -6.0000000000146994      
  -6.0000000000146994      
  -6.0000000000146994      
  -6.0000000002537721      
  -6.0000000000146994      
  -6.0000000002537721      
  -6.0000000002537721      
  -6.0000000000146994      
  -6.0000000002537721      
  -6.0000000000146994      
  -6.0000000000146994      
  -6.0000000000146994      
  -6.0000000000146994      

