-2.478209322021524219e+00
-1.631152465057120748e+00
-2.314186855465155013e+00
-9.196832857388748117e-01
-1.761106754184721623e+00
-1.438693507829654772e+00
7.690442457544005572e-02
-2.239094370248995158e+00
-1.992480754563311862e+00
-2.234776235586689808e+00
-2.717024552304943885e+00
-1.356743281633838283e+00
-2.796270710527342662e-01
-1.115745808526969807e+00
-1.557722065472189943e+00
-1.271476707040805509e+00
-1.880908157125986691e+00
-2.563039125044962674e+00
-1.524270760188033202e+00
-1.912275432077857440e+00
-1.755419646529409849e+00
-1.358436206048613926e+00
-1.436021388457222603e+00
-1.479860114354691891e+00
-1.365763806881651110e+00
-1.791380663254403816e+00
-2.312889220380414557e+00
-2.539527685188093020e+00
-7.965770671496671396e-01
-6.781594371397633436e-01
-1.526086040051700454e+00
-1.593128356473295204e+00
-1.664956575277559470e+00
-1.261315978843310814e+00
-1.446557288153168752e+00
-1.513334222091047065e+00
-4.537658792337558311e-01
-1.509673229407123785e+00
-1.390307975005230068e+00
-1.871634748816284555e+00
-2.042692023302382420e+00
-1.775006386351287491e+00
-2.391891322254611651e+00
-9.454427748675443555e-01
-2.390673265206302744e+00
-2.205088948729556186e+00
-1.831053850692542673e+00
-2.734484570774327494e+00
-2.815884622172362572e+00
-4.684301886242247193e+00
-3.922454595407596223e+00
-3.599001488653192471e+00
-5.755992637572384218e+00
-5.888233234169371499e+00
-6.022245611585904435e+00
-6.261255523107287502e+00
-5.820756189279165049e+00
-5.389196349594676860e+00
-5.986006300855073015e+00
-6.074959800534024623e+00
-5.795482314638664256e+00
-6.187915630421274571e+00
-6.187915630421279012e+00
-5.875888032940026484e+00
-5.590810050331570302e+00
-5.901555254960674013e+00
-6.155987690688723646e+00
-5.918632279721407485e+00
-5.650708951027777260e+00
-6.120560851738282793e+00
-6.001656661582017271e+00
-6.126951304957868771e+00
-6.126951304957864330e+00
-6.126951304957844791e+00
-5.992893248913621740e+00
-5.819786018763818625e+00
-6.064572248507564822e+00
-6.116273541909167832e+00
-6.116273541909143852e+00
-6.004091204016577699e+00
-6.068297744932112714e+00
-6.121271172251224968e+00
-6.121271172251262271e+00
-6.121271172251282700e+00
-6.121271172251326220e+00
-5.932542716405836636e+00
-6.101232623335508087e+00
-6.101232623335492100e+00
-6.101232623335489436e+00
-6.101232623335441474e+00
-6.101232623335419269e+00
-6.111111580507877505e+00
-6.101646568830714656e+00
-6.096212467760391718e+00
-6.036508973501797826e+00
-6.097872204652966310e+00
-6.097872204652974304e+00
-6.085585811610569884e+00
-6.097180966959943049e+00
-6.097180966959967030e+00
-6.097180966960141113e+00
-6.097180966960032755e+00
-6.097180966960082493e+00
-6.085415946168076573e+00
-6.088960461544480118e+00
-6.096866230472714143e+00
-6.096866230472657300e+00
-6.096866230472392623e+00
-6.096866230472826942e+00
-6.096866230472730130e+00
-6.083791085495967366e+00
-5.953465941309953102e+00
-6.094415276624462585e+00
-6.028450993807746627e+00
-6.093191378390153012e+00
-6.087165169478240934e+00
-6.092422633021784328e+00
-6.092422633021210565e+00
-6.092422633021087996e+00
-6.059693131395564869e+00
-6.092149776355085145e+00
-6.092149776356223789e+00
-6.069612984601794992e+00
-6.090738465566240656e+00
-6.090738465564433213e+00
-6.090738465562556492e+00
-6.090738465563620530e+00
-6.017470435411752305e+00
-6.157612430394463487e+00
-6.081607166510665685e+00
-6.081607166508242734e+00
-6.133665994219651196e+00
-6.082274474498603034e+00
-6.082274474500614758e+00
-6.082274474498501782e+00
-6.233329484049067837e+00
-6.084131773468035576e+00
-6.084131773465612625e+00
-6.084131773470780047e+00
-6.084131773470702775e+00
-6.084131773466362247e+00
-6.084131773466766369e+00
-6.263217340026992375e+00
-6.085685155261171708e+00
-6.085685155262068768e+00
-6.085685155267469781e+00
-6.085685155271088220e+00
-6.085685155268865110e+00
-6.211796070001503800e+00
-6.074919462424332117e+00
-6.081923215745283606e+00
-6.091399329008468477e+00
-6.082590277849135418e+00
-6.082590277846862570e+00
-6.082590277849042160e+00
-6.082590277850254523e+00
-6.082590277853539007e+00
-6.082590277850178140e+00
-6.093643307419843502e+00
-6.083116178140684838e+00
-6.083116178143025188e+00
-6.083116178144720720e+00
-6.083116178150082654e+00
-6.083116178152256914e+00
-6.083116178151085407e+00
-6.083116178155953513e+00
-6.083116178154626574e+00
-6.083116178149991171e+00
-6.083116178145432151e+00
-6.083116178144790887e+00
-6.083116178143782804e+00
-6.083116178142517150e+00
-6.083116178142473629e+00
-6.083116178145322905e+00
-6.083116178143832542e+00
-6.083116178141462882e+00
-6.083116178141874997e+00
-6.083116178143193054e+00
-6.083116178144742925e+00
-6.083116178144096331e+00
-6.083116178148399555e+00
-6.083116178146505959e+00
-6.083116178147804476e+00
-6.083116178149357900e+00
-6.083116178148479491e+00
-6.083116178148279651e+00
-6.087751771161418191e+00
-6.108642370509962838e+00
-6.085204284571403832e+00
-6.084330559073918288e+00
-6.084330559076407852e+00
-6.084330559078117595e+00
-6.084330559080040501e+00
-6.084330559079831779e+00
-6.084330559082622436e+00
-6.084330559084307311e+00
-6.084330559088420465e+00
-6.084330559088962254e+00
-6.084330559093900526e+00
-6.084330559093987567e+00
